                                                                                                                                                                                                         
                                                                                                                                  
                                                                                                                                  
                                          0000000000000000000000000000000000000000000000                                          
                                          0000000860000888888000000000960000000000000000                                          
                                                  908888888880      508000000008                                                  
                                                  000000000000      000000000340                                                  
                                                  000000000000      000000000000                                                  
                                                                                                                                  
           000    0000  0000000000 0000      0000      00000000000  000   000   0000  0000000000 00000000000 0000000000           
           09800000890  0030       0000      0080      0080    300  000   0080 0000   0400       0400   3000 000                  
           00000000080  022060000  0230      0080      0090    300  040    0000000    000030000  0080000000    45000000           
           000     000  0800000000 000000000 000000000 00000000000  000     00000     0000000000 0000   5000  000000000           
           000     000  0000000000 000000000 000000000 0000000042   000      000      0000000000 0000   0000   0000000            
                                                                00                                                                
           000000000000000000000000000000000000000000000000  00009000  000000000000000000000000000000000000000000000000           
             0095230896000131000888899888888998996000000000  00099000  0899600000490033308900000449000005006999999000             
               00000000000000000000000000000000000000000000     00     00000000000000000000000000000000000000000000               
                                                           000 0000 000                                                           
                                                              000000                                                              
                                                  000000000000  00  000000000000                                                  
                                                  090011000080      000069001320                                                  
                                                  903140088880      208900136000                                                  
                                          0000000005300088889000000000001330099000000000                                          
                                          0000000000000000000000000000000000000000000000                                       
